0.0007715909378000
0.0112122582719264
0.0122433268961330
0.0143233296335007
0.0165706528423617
0.0248128898463096
0.0288590101738594
0.0287236680601153
0.0278684004308236
0.0257045367581890
0.0254225786908115
0.0252625794179415
0.0249959761073678
0.0272873143095975
0.0268480846477691
0.0277787846254124
0.0285380161305046
0.0295054313148886
0.0298774283310915
0.0311432847489786
0.0317492233667913
0.0329340705560667
0.0334853822810982
0.0335822627868862
0.0336484085688089
0.0336478965829541
0.0332817834422126
0.0329762711106699
0.0333801459460757
0.0336117747435244
0.0337989307490623
0.0338536111912134